174 1
170 1
170 1
170 1
3025 1
3025 1
3027 1
3025 1
3027 1
3025 1
16204 1
21979 1
12019 1
386 1
386 1
386 1
386 1
386 1
0 0
0 0
0 0
0 0
0 0
0 0
386 1
386 1
386 1
386 1
140 1
0 0
140 1
140 1
140 1
140 1
140 1
140 1
140 1
140 1
386 1
386 1
386 1
386 1
386 1
386 1
386 1
386 1
386 1
386 1
13331 1
2487 73
3053 63
386 1
3102 1
387 348
996 13478575
11942 1
0 0
0 0
0 0
0 0
0 0
0 0
0 0
0 0
0 0
0 0
0 0
0 0
0 0
0 0
0 0
0 0
0 0
0 0
0 0
0 0
13331 1
2487 73
3053 63
0 0
3102 1
387 359
996 13478575
11942 1
0 0
0 0
0 0
0 0
0 0
0 0
0 0
0 0
0 0
0 0
0 0
0 0
0 0
0 0
0 0
0 0
0 0
0 0
0 0
0 0
3028 70
269 79
2552 10
0 0
3102 1
387 113
996 20338401
11942 1
0 0
0 0
0 0
0 0
0 0
0 0
0 0
0 0
0 0
0 0
0 0
0 0
0 0
0 0
0 0
0 0
0 0
0 0
0 0
0 0
0 0
269 79
2552 10
0 0
3102 1
387 113
996 20338401
11942 1
996 10813847
20528 653
2436 4
11942 1
2353 65
3102 1
2361 21
141 41
0 0
0 0
0 0
0 0
229 59
233 55
0 0
0 0
0 0
0 0
0 0
0 0
0 0
0 0
0 0
0 0
232 1
232 1
232 1
232 1
996 10813847
20528 653
2436 4
11942 1
2353 65
3102 1
2361 21
141 41
0 0
0 0
0 0
0 0
229 59
233 55
0 0
0 0
0 0
0 0
0 0
0 0
0 0
0 0
0 0
0 0
232 1
232 1
232 1
232 1
996 11355093
20528 854
3102 1
11942 1
3752 1
140 1
140 1
141 20
1276 1
140 1
140 1
140 1
140 1
140 1
140 1
140 1
140 1
140 1
140 1
140 1
140 1
140 1
140 1
140 1
140 1
140 1
140 1
140 1
996 11355093
20528 854
3102 1
11942 1
3752 1
140 1
140 1
141 20
1276 1
140 1
140 1
140 1
140 1
140 1
140 1
140 1
140 1
140 1
140 1
140 1
140 1
140 1
140 1
140 1
140 1
140 1
140 1
140 1
996 11355093
20528 854
3102 1
11942 1
3752 1
142 1
2435 1
141 20
1276 1
140 1
140 1
140 1
140 1
140 1
140 1
140 1
140 1
140 1
140 1
140 1
140 1
140 1
140 1
140 1
140 1
140 1
140 1
140 1
996 16406040
11942 1
3102 1
0 0
591 1
0 0
0 0
0 0
6689 35
0 0
0 0
0 0
0 0
0 0
0 0
0 0
0 0
20528 10
0 0
0 0
0 0
0 0
0 0
0 0
0 0
0 0
0 0
0 0
