1152 2537 0 2 CUT
1152 2857 0 1 CUT
1152 2921 0 0 CUT
1152 2922 0 2 CUT
1216 2665 0 3 CUT
1280 2537 0 0 CUT
1280 2601 0 0 CUT
1280 2602 0 2 CUT
1280 2921 0 0 CUT
1280 3113 0 3 CUT
1280 4073 0 0 CUT
1280 4137 0 1 CUT
1344 3049 0 0 CUT
1344 3050 0 2 CUT
1408 2537 0 1 CUT
1472 2921 0 1 CUT
1664 3113 0 2 CUT
1664 3305 0 0 CUT
1664 3306 0 2 CUT
1728 2985 0 2 CUT
1728 3241 0 2 CUT
1792 4073 0 0 CUT
1856 3113 0 0 CUT
1856 3114 0 2 CUT
2048 3433 0 1 CUT
2053 5428 0 2 CUT
2057 5422 0 1 CUT
2058 5422 0 1 CUT
2062 5428 0 0 CUT
2112 2729 0 2 CUT
2565 3124 0 2 CUT
2569 3118 0 1 CUT
2570 3118 0 1 CUT
2574 3124 0 0 CUT
2560 5417 0 3 CUT
2654 9766 0 3 CUT
3030 3852 0 2 CUT
3115 3859 0 1 CUT
3092 3957 0 2 CUT
3095 3957 0 0 CUT
3105 3958 0 3 CUT
3106 3958 0 3 CUT
3147 3727 0 1 CUT
3163 3736 0 0 CUT
3183 3733 0 1 CUT
3158 3951 0 1 CUT
3210 9898 0 1 CUT
3264 4649 0 3 CUT
3264 5673 0 0 CUT
3264 5674 0 2 CUT
3328 5545 0 3 CUT
3648 4009 0 1 CUT